{
  "nbformat": 4,
  "nbformat_minor": 0,
  "metadata": {
    "colab": {
      "provenance": [],
      "authorship_tag": "ABX9TyMCpZKcue0J82z9OgYEtgxe",
      "include_colab_link": true
    },
    "kernelspec": {
      "name": "python3",
      "display_name": "Python 3"
    },
    "language_info": {
      "name": "python"
    }
  },
  "cells": [
    {
      "cell_type": "markdown",
      "metadata": {
        "id": "view-in-github",
        "colab_type": "text"
      },
      "source": [
        "<a href=\"https://colab.research.google.com/github/aarush6848ddh/nba-data-analysis/blob/main/NBA_Data_Analysis.ipynb\" target=\"_parent\"><img src=\"https://colab.research.google.com/assets/colab-badge.svg\" alt=\"Open In Colab\"/></a>"
      ]
    },
    {
      "cell_type": "code",
      "execution_count": null,
      "metadata": {
        "id": "KmKit9ZXYNH9"
      },
      "outputs": [],
      "source": [
        "import pandas as pd\n",
        "import plotly.express as px\n",
        "import plotly.graph_objects as go\n",
        "pd.set_option('display.max_columns', None)\n",
        "\n"
      ]
    },
    {
      "cell_type": "code",
      "source": [
        "data = pd.read_excel('nba_players_data.xlsx')\n",
        "data.drop(columns=['RANK','EFF'], inplace=True)\n",
        "data['season_start_year'] = data['Year'].str[:4].astype(int)\n",
        "data['TEAM'].replace(to_replace=['NOP','NOH'], value='NO', inplace=True)\n",
        "data['Season Type'].replace('Regular%20Season','RS', inplace=True)\n",
        "rs_df = data[data['Season Type']=='RS']\n",
        "playoffs_df = data[data['Season Type']=='Playoffs']\n",
        "data.columns"
      ],
      "metadata": {
        "id": "H0nJbGtCaDuJ",
        "colab": {
          "base_uri": "https://localhost:8080/"
        },
        "outputId": "8d18d5e6-ddba-407f-ac56-445b06e4eb6f"
      },
      "execution_count": 63,
      "outputs": [
        {
          "output_type": "execute_result",
          "data": {
            "text/plain": [
              "Index(['Year', 'Season Type', 'PLAYER_ID', 'PLAYER', 'TEAM_ID', 'TEAM', 'GP',\n",
              "       'MIN', 'FGM', 'FGA', 'FG_PCT', 'FG3M', 'FG3A', 'FG3_PCT', 'FTM', 'FTA',\n",
              "       'FT_PCT', 'OREB', 'DREB', 'REB', 'AST', 'STL', 'BLK', 'TOV', 'PTS',\n",
              "       'season_start_year'],\n",
              "      dtype='object')"
            ]
          },
          "metadata": {},
          "execution_count": 63
        }
      ]
    },
    {
      "cell_type": "code",
      "source": [
        "total_cols = ['MIN','FGM','FGA','FG3M','FG3A','FTM','FTA',\n",
        "              'OREB','DREB','REB','AST','STL','BLK','TOV','PF','PTS']"
      ],
      "metadata": {
        "id": "IjX7k1x-zaTL"
      },
      "execution_count": null,
      "outputs": []
    },
    {
      "cell_type": "code",
      "source": [
        "data_per_min = data.groupby(['PLAYER','PLAYER_ID','Year'])[total_cols].sum().reset_index()\n",
        "for col in data_per_min.columns[4:]:\n",
        "    data_per_min[col] = data_per_min[col]/data_per_min['MIN']\n",
        "\n",
        "data_per_min['FG%'] = data_per_min['FGM']/data_per_min['FGA']\n",
        "data_per_min['3PT%'] = data_per_min['FG3M']/data_per_min['FG3A']\n",
        "data_per_min['FT%'] = data_per_min['FTM']/data_per_min['FTA']\n",
        "data_per_min['FG3A%'] = data_per_min['FG3A']/data_per_min['FGA']\n",
        "data_per_min['PTS/FGA'] = data_per_min['PTS']/data_per_min['FGA']\n",
        "data_per_min['FG3M/FGM'] = data_per_min['FG3M']/data_per_min['FGM']\n",
        "data_per_min['FTA/FGA'] = data_per_min['FTA']/data_per_min['FGA']\n",
        "data_per_min['TRU%'] = 0.5*data_per_min['PTS']/(data_per_min['FGA']+0.475*data_per_min['FTA'])\n",
        "data_per_min['AST_TOV'] = data_per_min['AST']/data_per_min['TOV']\n",
        "\n",
        "data_per_min = data_per_min[data_per_min['MIN']>=50]\n",
        "data_per_min.drop(columns='PLAYER_ID', inplace=True)\n",
        "\n",
        "# Select only numeric columns\n",
        "numeric_data = data_per_min.select_dtypes(include=['float64', 'int64'])\n",
        "\n",
        "\n",
        "fig = px.imshow(numeric_data.corr())\n",
        "fig.update_layout(title=\"Correlation Matrix of NBA Player Statistics\",  title_x=0.48)\n",
        "fig.show()"
      ],
      "metadata": {
        "colab": {
          "base_uri": "https://localhost:8080/",
          "height": 542
        },
        "id": "hcGwZx-dHmgY",
        "outputId": "94dab069-f2a0-4fb3-a628-36152d8d2e71"
      },
      "execution_count": 61,
      "outputs": [
        {
          "output_type": "display_data",
          "data": {
            "text/html": [
              "<html>\n",
              "<head><meta charset=\"utf-8\" /></head>\n",
              "<body>\n",
              "    <div>            <script src=\"https://cdnjs.cloudflare.com/ajax/libs/mathjax/2.7.5/MathJax.js?config=TeX-AMS-MML_SVG\"></script><script type=\"text/javascript\">if (window.MathJax && window.MathJax.Hub && window.MathJax.Hub.Config) {window.MathJax.Hub.Config({SVG: {font: \"STIX-Web\"}});}</script>                <script type=\"text/javascript\">window.PlotlyConfig = {MathJaxConfig: 'local'};</script>\n",
              "        <script charset=\"utf-8\" src=\"https://cdn.plot.ly/plotly-2.24.1.min.js\"></script>                <div id=\"f4c84a3f-a167-44d6-9120-c10a50cae791\" class=\"plotly-graph-div\" style=\"height:525px; width:100%;\"></div>            <script type=\"text/javascript\">                                    window.PLOTLYENV=window.PLOTLYENV || {};                                    if (document.getElementById(\"f4c84a3f-a167-44d6-9120-c10a50cae791\")) {                    Plotly.newPlot(                        \"f4c84a3f-a167-44d6-9120-c10a50cae791\",                        [{\"coloraxis\":\"coloraxis\",\"name\":\"0\",\"x\":[\"MIN\",\"FGM\",\"FGA\",\"FG3M\",\"FG3A\",\"FTM\",\"FTA\",\"OREB\",\"DREB\",\"REB\",\"AST\",\"STL\",\"BLK\",\"TOV\",\"PTS\",\"FG%\",\"3PT%\",\"FT%\",\"FG3A%\",\"PTS\\u002fFGA\",\"FG3M\\u002fFGM\",\"FTA\\u002fFGA\",\"TRU%\",\"AST_TOV\"],\"y\":[\"MIN\",\"FGM\",\"FGA\",\"FG3M\",\"FG3A\",\"FTM\",\"FTA\",\"OREB\",\"DREB\",\"REB\",\"AST\",\"STL\",\"BLK\",\"TOV\",\"PTS\",\"FG%\",\"3PT%\",\"FT%\",\"FG3A%\",\"PTS\\u002fFGA\",\"FG3M\\u002fFGM\",\"FTA\\u002fFGA\",\"TRU%\",\"AST_TOV\"],\"z\":[[1.0,0.4495517681463812,0.4462786122932601,0.022173932230903328,0.024293239995479686,0.4711660206232582,0.45319816273309693,-0.10716408334609434,0.06014804239487563,0.0003688561142028325,0.3179036872895863,0.17075316823001793,-0.05119729873036326,0.37512413314945864,0.47912179354509354,0.029688790433815206,-0.0008506236147093013,0.14138834971512612,-0.13967828044234698,0.15423440923945825,-0.14453927938499345,0.2110976221555587,0.05828634576732618,0.10171096183288542],[0.4495517681463812,1.0,0.9207185820841036,0.12529785881458083,0.14316072150895934,0.6821920241503888,0.6564889255316803,0.006780143290454494,0.19788200767939343,0.14051608811533378,0.3301211399559921,0.05094236292496748,0.03128351565120146,0.5799610555619265,0.955223071059666,0.24997464472655156,-0.014714582948395526,0.22443500336266642,-0.2427337927651492,0.2485019364775615,-0.2759912905532526,0.1452492698998797,0.2313179767772271,-0.06511539543119287],[0.4462786122932601,0.9207185820841036,1.0,0.302081972559301,0.35317888213716625,0.6707414916466,0.5952383503178629,-0.21283466082867789,0.005629572204120212,-0.07879753838936751,0.4003847729545534,0.12085798071123757,-0.1579350780842024,0.5952482008030705,0.9311707656265583,-0.12845680127119666,0.05144434980930461,0.36818271137259584,-0.051073563178648196,-0.022041123083222966,-0.08886132597877545,0.004776425595821147,-0.03250568055799145,0.018337725897957957],[0.022173932230903328,0.12529785881458083,0.302081972559301,1.0,0.9770953823705631,-0.014842905403134377,-0.14667404500806927,-0.6497565175869374,-0.38097320896411135,-0.5177529477555047,0.22640814341978677,0.142183532564537,-0.4496893384896698,0.020330983306393654,0.2811076635416748,-0.4382587512592963,0.5723152466587782,0.48108294670149604,0.8765784394947875,-0.05158161328791948,0.8713102819394025,-0.41712467078473486,0.23827714132160824,0.2965815267285519],[0.024293239995479686,0.14316072150895934,0.35317888213716625,0.9770953823705631,1.0,0.024266814140113262,-0.10678056960463467,-0.6620267104422998,-0.3826382415244185,-0.5237107511692779,0.25690675382102257,0.17952959971195478,-0.4610473438250599,0.06927484336646252,0.3022514935336961,-0.5101212253299284,0.5040389553927233,0.47653732176001806,0.877360886242461,-0.12176812044936236,0.8442521429011379,-0.4077079415294612,0.13356256565679986,0.2950549157392984],[0.4711660206232582,0.6821920241503888,0.6707414916466,-0.014842905403134377,0.024266814140113262,1.0,0.9575471794021011,0.0035285528687625826,0.1640130135630945,0.11620044281625992,0.3420981824432387,0.1288098122005547,0.04988853289550529,0.6385894728615551,0.8139586044083092,0.09403274577221253,-0.08794728109521276,0.28669343657785956,-0.2741289121582312,0.47757487563197976,-0.29964531560304397,0.631990951677288,0.18927777637317417,-0.07877903414932427],[0.45319816273309693,0.6564889255316803,0.5952383503178629,-0.14667404500806927,-0.10678056960463467,0.9575471794021011,1.0,0.1598026574521693,0.2927849805181071,0.26665562155564826,0.28166825075536617,0.11141038543222914,0.1812733880541608,0.6388589549384622,0.7555079538497717,0.22544016191764915,-0.18992150534502142,0.03613578116240484,-0.3886737363043135,0.5334904111001717,-0.41150781064697245,0.7613719376515024,0.16921820521927425,-0.1544976644557745],[-0.10716408334609434,0.006780143290454494,-0.21283466082867789,-0.6497565175869374,-0.6620267104422998,0.0035285528687625826,0.1598026574521693,1.0,0.6698264300272593,0.8554033244546662,-0.39911053576450894,-0.21388640178340707,0.6492530497952063,-0.057847619141761925,-0.12308185314686784,0.5950270453405667,-0.47972017928365257,-0.5384929801932421,-0.6519064883388193,0.27194677807618595,-0.6310887786791983,0.4106594093022336,0.0648150639361732,-0.499073425021791],[0.06014804239487563,0.19788200767939343,0.005629572204120212,-0.38097320896411135,-0.3826382415244185,0.1640130135630945,0.2927849805181071,0.6698264300272593,1.0,0.9574546826958696,-0.2053888916977146,-0.14041369926249908,0.6062256080123736,0.13673471382764762,0.11804600342428845,0.49646298239746517,-0.2728553902200609,-0.37931416395033496,-0.42542455183746986,0.33185992771350825,-0.4247150249693938,0.38451727785883,0.16273438152635347,-0.3812437880865479],[0.0003688561142028325,0.14051608811533378,-0.07879753838936751,-0.5177529477555047,-0.5237107511692779,0.11620044281625992,0.26665562155564826,0.8554033244546662,0.9574546826958696,1.0,-0.2983722738186938,-0.18126554203636672,0.6750282972467353,0.07286690583680427,0.03464893155904342,0.5773107070077308,-0.3741160990818808,-0.47339889115912526,-0.5495594670020294,0.3377141883293543,-0.540928168302032,0.42829632772637,0.1391173566222907,-0.4598890015185012],[0.3179036872895863,0.3301211399559921,0.4003847729545534,0.22640814341978677,0.25690675382102257,0.3420981824432387,0.28166825075536617,-0.39911053576450894,-0.2053888916977146,-0.2983722738186938,1.0,0.383455293666307,-0.35655976585023713,0.6497283210364775,0.39191634596995883,-0.1679175263940589,0.13789996787052844,0.24166403311989595,0.09637875414884639,0.006947948102340422,0.06499626370851387,0.022620831993318238,-0.004512540558613877,0.7075896062766499],[0.17075316823001793,0.05094236292496748,0.12085798071123757,0.142183532564537,0.17952959971195478,0.1288098122005547,0.11141038543222914,-0.21388640178340707,-0.14041369926249908,-0.18126554203636672,0.383455293666307,1.0,-0.1713815781385365,0.23591010065897475,0.10762891984013982,-0.18555069014440823,0.04420012600478178,0.024823256063223824,0.1498237328063096,-0.0549679338290745,0.11747286352376642,0.014540803834672702,-0.08228377713109818,0.29600083628727697],[-0.05119729873036326,0.03128351565120146,-0.1579350780842024,-0.4496893384896698,-0.4610473438250599,0.04988853289550529,0.1812733880541608,0.6492530497952063,0.6062256080123736,0.6750282972467353,-0.35655976585023713,-0.1713815781385365,1.0,-0.04438979416862363,-0.050537810035522754,0.49125666000876533,-0.2854751626628102,-0.4157901865059562,-0.4447210878880917,0.2951710048570695,-0.43517905465110723,0.3622084651161812,0.13142310478281186,-0.42857496693434816],[0.37512413314945864,0.5799610555619265,0.5952482008030705,0.020330983306393654,0.06927484336646252,0.6385894728615551,0.6388589549384622,-0.057847619141761925,0.13673471382764762,0.07286690583680427,0.6497283210364775,0.23591010065897475,-0.04438979416862363,1.0,0.6265006711094572,0.0165210176646121,-0.06242651576749352,0.09674228831788398,-0.2110137881209522,0.16565071239992707,-0.2424082551241889,0.32604661615896124,-0.013495511721868131,-0.010032387589776487],[0.47912179354509354,0.955223071059666,0.9311707656265583,0.2811076635416748,0.3022514935336961,0.8139586044083092,0.7555079538497717,-0.12308185314686784,0.11804600342428845,0.03464893155904342,0.39191634596995883,0.10762891984013982,-0.050537810035522754,0.6265006711094572,1.0,0.1193803449304248,0.06714761060064585,0.3493588287640896,-0.0888248128748353,0.32637712310866646,-0.1216744134868976,0.2342614327186268,0.2736193186294333,-0.013583488516287674],[0.029688790433815206,0.24997464472655156,-0.12845680127119666,-0.4382587512592963,-0.5101212253299284,0.09403274577221253,0.22544016191764915,0.5950270453405667,0.49646298239746517,0.5773107070077308,-0.1679175263940589,-0.18555069014440823,0.49125666000876533,0.0165210176646121,0.1193803449304248,1.0,-0.21070731521619715,-0.3779434580375,-0.5367888988303127,0.7325964896581325,-0.5270339827634632,0.4345836163421052,0.6712989110615557,-0.2557344846659345],[-0.0008506236147093013,-0.014714582948395526,0.05144434980930461,0.5723152466587782,0.5040389553927233,-0.08794728109521276,-0.18992150534502142,-0.47972017928365257,-0.2728553902200609,-0.3741160990818808,0.13789996787052844,0.04420012600478178,-0.2854751626628102,-0.06242651576749352,0.06714761060064585,-0.21070731521619715,1.0,0.3582787884758536,0.5246795285548851,0.026559644108405073,0.5466243787782865,-0.3376032689920667,0.2602774925060134,0.2388386157155024],[0.14138834971512612,0.22443500336266642,0.36818271137259584,0.48108294670149604,0.47653732176001806,0.28669343657785956,0.03613578116240484,-0.5384929801932421,-0.37931416395033496,-0.47339889115912526,0.24166403311989595,0.024823256063223824,-0.4157901865059562,0.09674228831788398,0.3493588287640896,-0.3779434580375,0.3582787884758536,1.0,0.3853342722534066,-0.029143076501680607,0.37824334277421434,-0.27808714772474635,0.16686367408116137,0.2402877657084218],[-0.13967828044234698,-0.2427337927651492,-0.051073563178648196,0.8765784394947875,0.877360886242461,-0.2741289121582312,-0.3886737363043135,-0.6519064883388193,-0.42542455183746986,-0.5495594670020294,0.09637875414884639,0.1498237328063096,-0.4447210878880917,-0.2110137881209522,-0.0888248128748353,-0.5367888988303127,0.5246795285548851,0.3853342722534066,1.0,-0.17151920592390765,0.9838413211861212,-0.5106735872908319,0.14161557470063865,0.34030833158029916],[0.15423440923945825,0.2485019364775615,-0.022041123083222966,-0.05158161328791948,-0.12176812044936236,0.47757487563197976,0.5334904111001717,0.27194677807618595,0.33185992771350825,0.3377141883293543,0.006947948102340422,-0.0549679338290745,0.2951710048570695,0.16565071239992707,0.32637712310866646,0.7325964896581325,0.026559644108405073,-0.029143076501680607,-0.17151920592390765,1.0,-0.1612516880527231,0.6942383218753339,0.8478273139670336,-0.12572690578819912],[-0.14453927938499345,-0.2759912905532526,-0.08886132597877545,0.8713102819394025,0.8442521429011379,-0.29964531560304397,-0.41150781064697245,-0.6310887786791983,-0.4247150249693938,-0.540928168302032,0.06499626370851387,0.11747286352376642,-0.43517905465110723,-0.2424082551241889,-0.1216744134868976,-0.5270339827634632,0.5466243787782865,0.37824334277421434,0.9838413211861212,-0.1612516880527231,1.0,-0.5090379002460567,0.1543741595091705,0.32522550394207883],[0.2110976221555587,0.1452492698998797,0.004776425595821147,-0.41712467078473486,-0.4077079415294612,0.631990951677288,0.7613719376515024,0.4106594093022336,0.38451727785883,0.42829632772637,0.022620831993318238,0.014540803834672702,0.3622084651161812,0.32604661615896124,0.2342614327186268,0.4345836163421052,-0.3376032689920667,-0.27808714772474635,-0.5106735872908319,0.6942383218753339,-0.5090379002460567,1.0,0.2099420794634218,-0.24191466828611027],[0.05828634576732618,0.2313179767772271,-0.03250568055799145,0.23827714132160824,0.13356256565679986,0.18927777637317417,0.16921820521927425,0.0648150639361732,0.16273438152635347,0.1391173566222907,-0.004512540558613877,-0.08228377713109818,0.13142310478281186,-0.013495511721868131,0.2736193186294333,0.6712989110615557,0.2602774925060134,0.16686367408116137,0.14161557470063865,0.8478273139670336,0.1543741595091705,0.2099420794634218,1.0,0.00936226098001767],[0.10171096183288542,-0.06511539543119287,0.018337725897957957,0.2965815267285519,0.2950549157392984,-0.07877903414932427,-0.1544976644557745,-0.499073425021791,-0.3812437880865479,-0.4598890015185012,0.7075896062766499,0.29600083628727697,-0.42857496693434816,-0.010032387589776487,-0.013583488516287674,-0.2557344846659345,0.2388386157155024,0.2402877657084218,0.34030833158029916,-0.12572690578819912,0.32522550394207883,-0.24191466828611027,0.00936226098001767,1.0]],\"type\":\"heatmap\",\"xaxis\":\"x\",\"yaxis\":\"y\",\"hovertemplate\":\"x: %{x}\\u003cbr\\u003ey: %{y}\\u003cbr\\u003ecolor: %{z}\\u003cextra\\u003e\\u003c\\u002fextra\\u003e\"}],                        {\"template\":{\"data\":{\"histogram2dcontour\":[{\"type\":\"histogram2dcontour\",\"colorbar\":{\"outlinewidth\":0,\"ticks\":\"\"},\"colorscale\":[[0.0,\"#0d0887\"],[0.1111111111111111,\"#46039f\"],[0.2222222222222222,\"#7201a8\"],[0.3333333333333333,\"#9c179e\"],[0.4444444444444444,\"#bd3786\"],[0.5555555555555556,\"#d8576b\"],[0.6666666666666666,\"#ed7953\"],[0.7777777777777778,\"#fb9f3a\"],[0.8888888888888888,\"#fdca26\"],[1.0,\"#f0f921\"]]}],\"choropleth\":[{\"type\":\"choropleth\",\"colorbar\":{\"outlinewidth\":0,\"ticks\":\"\"}}],\"histogram2d\":[{\"type\":\"histogram2d\",\"colorbar\":{\"outlinewidth\":0,\"ticks\":\"\"},\"colorscale\":[[0.0,\"#0d0887\"],[0.1111111111111111,\"#46039f\"],[0.2222222222222222,\"#7201a8\"],[0.3333333333333333,\"#9c179e\"],[0.4444444444444444,\"#bd3786\"],[0.5555555555555556,\"#d8576b\"],[0.6666666666666666,\"#ed7953\"],[0.7777777777777778,\"#fb9f3a\"],[0.8888888888888888,\"#fdca26\"],[1.0,\"#f0f921\"]]}],\"heatmap\":[{\"type\":\"heatmap\",\"colorbar\":{\"outlinewidth\":0,\"ticks\":\"\"},\"colorscale\":[[0.0,\"#0d0887\"],[0.1111111111111111,\"#46039f\"],[0.2222222222222222,\"#7201a8\"],[0.3333333333333333,\"#9c179e\"],[0.4444444444444444,\"#bd3786\"],[0.5555555555555556,\"#d8576b\"],[0.6666666666666666,\"#ed7953\"],[0.7777777777777778,\"#fb9f3a\"],[0.8888888888888888,\"#fdca26\"],[1.0,\"#f0f921\"]]}],\"heatmapgl\":[{\"type\":\"heatmapgl\",\"colorbar\":{\"outlinewidth\":0,\"ticks\":\"\"},\"colorscale\":[[0.0,\"#0d0887\"],[0.1111111111111111,\"#46039f\"],[0.2222222222222222,\"#7201a8\"],[0.3333333333333333,\"#9c179e\"],[0.4444444444444444,\"#bd3786\"],[0.5555555555555556,\"#d8576b\"],[0.6666666666666666,\"#ed7953\"],[0.7777777777777778,\"#fb9f3a\"],[0.8888888888888888,\"#fdca26\"],[1.0,\"#f0f921\"]]}],\"contourcarpet\":[{\"type\":\"contourcarpet\",\"colorbar\":{\"outlinewidth\":0,\"ticks\":\"\"}}],\"contour\":[{\"type\":\"contour\",\"colorbar\":{\"outlinewidth\":0,\"ticks\":\"\"},\"colorscale\":[[0.0,\"#0d0887\"],[0.1111111111111111,\"#46039f\"],[0.2222222222222222,\"#7201a8\"],[0.3333333333333333,\"#9c179e\"],[0.4444444444444444,\"#bd3786\"],[0.5555555555555556,\"#d8576b\"],[0.6666666666666666,\"#ed7953\"],[0.7777777777777778,\"#fb9f3a\"],[0.8888888888888888,\"#fdca26\"],[1.0,\"#f0f921\"]]}],\"surface\":[{\"type\":\"surface\",\"colorbar\":{\"outlinewidth\":0,\"ticks\":\"\"},\"colorscale\":[[0.0,\"#0d0887\"],[0.1111111111111111,\"#46039f\"],[0.2222222222222222,\"#7201a8\"],[0.3333333333333333,\"#9c179e\"],[0.4444444444444444,\"#bd3786\"],[0.5555555555555556,\"#d8576b\"],[0.6666666666666666,\"#ed7953\"],[0.7777777777777778,\"#fb9f3a\"],[0.8888888888888888,\"#fdca26\"],[1.0,\"#f0f921\"]]}],\"mesh3d\":[{\"type\":\"mesh3d\",\"colorbar\":{\"outlinewidth\":0,\"ticks\":\"\"}}],\"scatter\":[{\"fillpattern\":{\"fillmode\":\"overlay\",\"size\":10,\"solidity\":0.2},\"type\":\"scatter\"}],\"parcoords\":[{\"type\":\"parcoords\",\"line\":{\"colorbar\":{\"outlinewidth\":0,\"ticks\":\"\"}}}],\"scatterpolargl\":[{\"type\":\"scatterpolargl\",\"marker\":{\"colorbar\":{\"outlinewidth\":0,\"ticks\":\"\"}}}],\"bar\":[{\"error_x\":{\"color\":\"#2a3f5f\"},\"error_y\":{\"color\":\"#2a3f5f\"},\"marker\":{\"line\":{\"color\":\"#E5ECF6\",\"width\":0.5},\"pattern\":{\"fillmode\":\"overlay\",\"size\":10,\"solidity\":0.2}},\"type\":\"bar\"}],\"scattergeo\":[{\"type\":\"scattergeo\",\"marker\":{\"colorbar\":{\"outlinewidth\":0,\"ticks\":\"\"}}}],\"scatterpolar\":[{\"type\":\"scatterpolar\",\"marker\":{\"colorbar\":{\"outlinewidth\":0,\"ticks\":\"\"}}}],\"histogram\":[{\"marker\":{\"pattern\":{\"fillmode\":\"overlay\",\"size\":10,\"solidity\":0.2}},\"type\":\"histogram\"}],\"scattergl\":[{\"type\":\"scattergl\",\"marker\":{\"colorbar\":{\"outlinewidth\":0,\"ticks\":\"\"}}}],\"scatter3d\":[{\"type\":\"scatter3d\",\"line\":{\"colorbar\":{\"outlinewidth\":0,\"ticks\":\"\"}},\"marker\":{\"colorbar\":{\"outlinewidth\":0,\"ticks\":\"\"}}}],\"scattermapbox\":[{\"type\":\"scattermapbox\",\"marker\":{\"colorbar\":{\"outlinewidth\":0,\"ticks\":\"\"}}}],\"scatterternary\":[{\"type\":\"scatterternary\",\"marker\":{\"colorbar\":{\"outlinewidth\":0,\"ticks\":\"\"}}}],\"scattercarpet\":[{\"type\":\"scattercarpet\",\"marker\":{\"colorbar\":{\"outlinewidth\":0,\"ticks\":\"\"}}}],\"carpet\":[{\"aaxis\":{\"endlinecolor\":\"#2a3f5f\",\"gridcolor\":\"white\",\"linecolor\":\"white\",\"minorgridcolor\":\"white\",\"startlinecolor\":\"#2a3f5f\"},\"baxis\":{\"endlinecolor\":\"#2a3f5f\",\"gridcolor\":\"white\",\"linecolor\":\"white\",\"minorgridcolor\":\"white\",\"startlinecolor\":\"#2a3f5f\"},\"type\":\"carpet\"}],\"table\":[{\"cells\":{\"fill\":{\"color\":\"#EBF0F8\"},\"line\":{\"color\":\"white\"}},\"header\":{\"fill\":{\"color\":\"#C8D4E3\"},\"line\":{\"color\":\"white\"}},\"type\":\"table\"}],\"barpolar\":[{\"marker\":{\"line\":{\"color\":\"#E5ECF6\",\"width\":0.5},\"pattern\":{\"fillmode\":\"overlay\",\"size\":10,\"solidity\":0.2}},\"type\":\"barpolar\"}],\"pie\":[{\"automargin\":true,\"type\":\"pie\"}]},\"layout\":{\"autotypenumbers\":\"strict\",\"colorway\":[\"#636efa\",\"#EF553B\",\"#00cc96\",\"#ab63fa\",\"#FFA15A\",\"#19d3f3\",\"#FF6692\",\"#B6E880\",\"#FF97FF\",\"#FECB52\"],\"font\":{\"color\":\"#2a3f5f\"},\"hovermode\":\"closest\",\"hoverlabel\":{\"align\":\"left\"},\"paper_bgcolor\":\"white\",\"plot_bgcolor\":\"#E5ECF6\",\"polar\":{\"bgcolor\":\"#E5ECF6\",\"angularaxis\":{\"gridcolor\":\"white\",\"linecolor\":\"white\",\"ticks\":\"\"},\"radialaxis\":{\"gridcolor\":\"white\",\"linecolor\":\"white\",\"ticks\":\"\"}},\"ternary\":{\"bgcolor\":\"#E5ECF6\",\"aaxis\":{\"gridcolor\":\"white\",\"linecolor\":\"white\",\"ticks\":\"\"},\"baxis\":{\"gridcolor\":\"white\",\"linecolor\":\"white\",\"ticks\":\"\"},\"caxis\":{\"gridcolor\":\"white\",\"linecolor\":\"white\",\"ticks\":\"\"}},\"coloraxis\":{\"colorbar\":{\"outlinewidth\":0,\"ticks\":\"\"}},\"colorscale\":{\"sequential\":[[0.0,\"#0d0887\"],[0.1111111111111111,\"#46039f\"],[0.2222222222222222,\"#7201a8\"],[0.3333333333333333,\"#9c179e\"],[0.4444444444444444,\"#bd3786\"],[0.5555555555555556,\"#d8576b\"],[0.6666666666666666,\"#ed7953\"],[0.7777777777777778,\"#fb9f3a\"],[0.8888888888888888,\"#fdca26\"],[1.0,\"#f0f921\"]],\"sequentialminus\":[[0.0,\"#0d0887\"],[0.1111111111111111,\"#46039f\"],[0.2222222222222222,\"#7201a8\"],[0.3333333333333333,\"#9c179e\"],[0.4444444444444444,\"#bd3786\"],[0.5555555555555556,\"#d8576b\"],[0.6666666666666666,\"#ed7953\"],[0.7777777777777778,\"#fb9f3a\"],[0.8888888888888888,\"#fdca26\"],[1.0,\"#f0f921\"]],\"diverging\":[[0,\"#8e0152\"],[0.1,\"#c51b7d\"],[0.2,\"#de77ae\"],[0.3,\"#f1b6da\"],[0.4,\"#fde0ef\"],[0.5,\"#f7f7f7\"],[0.6,\"#e6f5d0\"],[0.7,\"#b8e186\"],[0.8,\"#7fbc41\"],[0.9,\"#4d9221\"],[1,\"#276419\"]]},\"xaxis\":{\"gridcolor\":\"white\",\"linecolor\":\"white\",\"ticks\":\"\",\"title\":{\"standoff\":15},\"zerolinecolor\":\"white\",\"automargin\":true,\"zerolinewidth\":2},\"yaxis\":{\"gridcolor\":\"white\",\"linecolor\":\"white\",\"ticks\":\"\",\"title\":{\"standoff\":15},\"zerolinecolor\":\"white\",\"automargin\":true,\"zerolinewidth\":2},\"scene\":{\"xaxis\":{\"backgroundcolor\":\"#E5ECF6\",\"gridcolor\":\"white\",\"linecolor\":\"white\",\"showbackground\":true,\"ticks\":\"\",\"zerolinecolor\":\"white\",\"gridwidth\":2},\"yaxis\":{\"backgroundcolor\":\"#E5ECF6\",\"gridcolor\":\"white\",\"linecolor\":\"white\",\"showbackground\":true,\"ticks\":\"\",\"zerolinecolor\":\"white\",\"gridwidth\":2},\"zaxis\":{\"backgroundcolor\":\"#E5ECF6\",\"gridcolor\":\"white\",\"linecolor\":\"white\",\"showbackground\":true,\"ticks\":\"\",\"zerolinecolor\":\"white\",\"gridwidth\":2}},\"shapedefaults\":{\"line\":{\"color\":\"#2a3f5f\"}},\"annotationdefaults\":{\"arrowcolor\":\"#2a3f5f\",\"arrowhead\":0,\"arrowwidth\":1},\"geo\":{\"bgcolor\":\"white\",\"landcolor\":\"#E5ECF6\",\"subunitcolor\":\"white\",\"showland\":true,\"showlakes\":true,\"lakecolor\":\"white\"},\"title\":{\"x\":0.05},\"mapbox\":{\"style\":\"light\"}}},\"xaxis\":{\"anchor\":\"y\",\"domain\":[0.0,1.0],\"scaleanchor\":\"y\",\"constrain\":\"domain\"},\"yaxis\":{\"anchor\":\"x\",\"domain\":[0.0,1.0],\"autorange\":\"reversed\",\"constrain\":\"domain\"},\"coloraxis\":{\"colorscale\":[[0.0,\"#0d0887\"],[0.1111111111111111,\"#46039f\"],[0.2222222222222222,\"#7201a8\"],[0.3333333333333333,\"#9c179e\"],[0.4444444444444444,\"#bd3786\"],[0.5555555555555556,\"#d8576b\"],[0.6666666666666666,\"#ed7953\"],[0.7777777777777778,\"#fb9f3a\"],[0.8888888888888888,\"#fdca26\"],[1.0,\"#f0f921\"]]},\"margin\":{\"t\":60},\"title\":{\"text\":\"Correlation Matrix of NBA Player Statistics\",\"x\":0.48}},                        {\"responsive\": true}                    ).then(function(){\n",
              "                            \n",
              "var gd = document.getElementById('f4c84a3f-a167-44d6-9120-c10a50cae791');\n",
              "var x = new MutationObserver(function (mutations, observer) {{\n",
              "        var display = window.getComputedStyle(gd).display;\n",
              "        if (!display || display === 'none') {{\n",
              "            console.log([gd, 'removed!']);\n",
              "            Plotly.purge(gd);\n",
              "            observer.disconnect();\n",
              "        }}\n",
              "}});\n",
              "\n",
              "// Listen for the removal of the full notebook cells\n",
              "var notebookContainer = gd.closest('#notebook-container');\n",
              "if (notebookContainer) {{\n",
              "    x.observe(notebookContainer, {childList: true});\n",
              "}}\n",
              "\n",
              "// Listen for the clearing of the current output cell\n",
              "var outputEl = gd.closest('.output');\n",
              "if (outputEl) {{\n",
              "    x.observe(outputEl, {childList: true});\n",
              "}}\n",
              "\n",
              "                        })                };                            </script>        </div>\n",
              "</body>\n",
              "</html>"
            ]
          },
          "metadata": {}
        }
      ]
    },
    {
      "cell_type": "code",
      "source": [
        "fig = px.histogram(x=playoffs_df['MIN'], histnorm='percent')\n",
        "fig.show()"
      ],
      "metadata": {
        "colab": {
          "base_uri": "https://localhost:8080/",
          "height": 542
        },
        "id": "U_BR1ejNBcbI",
        "outputId": "cf9cbfb4-85b7-4c3d-fd7d-7d88217b6aaf"
      },
      "execution_count": 43,
      "outputs": [
        {
          "output_type": "display_data",
          "data": {
            "text/html": [
              "<html>\n",
              "<head><meta charset=\"utf-8\" /></head>\n",
              "<body>\n",
              "    <div>            <script src=\"https://cdnjs.cloudflare.com/ajax/libs/mathjax/2.7.5/MathJax.js?config=TeX-AMS-MML_SVG\"></script><script type=\"text/javascript\">if (window.MathJax && window.MathJax.Hub && window.MathJax.Hub.Config) {window.MathJax.Hub.Config({SVG: {font: \"STIX-Web\"}});}</script>                <script type=\"text/javascript\">window.PlotlyConfig = {MathJaxConfig: 'local'};</script>\n",
